lr: 6.59957863447282e-05
weight_decay: 2.4537745761387942e-05