lr: 7.750797810813876e-05
weight_decay: 2.4976225208431556e-06
