lr: 0.0001274808734155195
weight_decay: 8.219407239423891e-05